Trips        Return       Stops   Distance (km)    Cost ($) Total Distance (km)    Total Cost ($)
1             0             1         10.20         38.54         10.20                 38.54
2             1             2         12.00         54.40         22.20                 92.94
3             0             4         32.84        132.67         55.04                225.61
4             0             3         21.03         89.78         76.07                315.40
5             0             5         29.52        134.71        105.60                450.11
10            1             5         33.71        146.01        241.58               1026.26
15            0             3         25.47        101.77        367.51               1553.28
20            0             3         15.98         76.15        516.94               2165.73
25            1             3         23.86         97.41        666.70               2735.10
30            0             2         20.35         76.96        797.03               3251.97
35            0             1         10.08         38.21        903.61               3704.75
40            1             4         34.92        138.28       1015.76               4161.54
45            0             4         32.49        131.73       1132.05               4618.54
50            0             1         10.00         38.00       1233.35               5035.05
55            0             4         32.04        130.51       1381.13               5621.05
60            1             3         25.67        102.32       1498.90               6082.04
65            0             2         10.03         49.08       1588.15               6466.00
70            0             2         20.14         76.39       1691.56               6877.20
75            1             3         27.04        106.00       1817.05               7359.02

The cumulative distance travelled for all of August is 1871.36km
The cumulative amount collected from all customers for all of August is $7571.68
The length of the longest trip is 51.39km
The price of the cheapest trip is $23.44
